Nstp	TIME	AvrPFI_D	VarPFI_D	Dfs(m*m/s)	Dflow(m/s)	AvrPFI_E	VarPfi_E	Kai(m*m/s)	Eflow(m./s)
1	2.37E-04	-1.03E+00	1.29E-05	0.00E+00	0.00E+00	-1.03E+00	1.29E-05	0.00E+00	0.00E+00
2	2.61E-04	-1.02E+00	1.03E-05	-1.50E-02	3.90E+01	-1.02E+00	1.03E-05	-1.50E-02	3.90E+01
3	2.85E-04	-1.02E+00	1.43E-05	4.20E-03	3.39E+01	-1.02E+00	1.43E-05	4.21E-03	3.39E+01
4	3.08E-04	-1.02E+00	1.97E-05	1.41E-02	3.32E+01	-1.02E+00	1.97E-05	1.41E-02	3.32E+01
5	3.32E-04	-1.02E+00	1.38E-05	6.51E-03	1.62E+01	-1.02E+00	1.38E-05	6.51E-03	1.61E+01
6	3.56E-04	-1.02E+00	2.06E-05	9.00E-03	7.65E+00	-1.02E+00	2.06E-05	9.00E-03	7.64E+00
7	3.79E-04	-1.02E+00	1.57E-05	5.90E-03	3.80E+00	-1.02E+00	1.57E-05	5.90E-03	3.80E+00
8	4.03E-04	-1.02E+00	2.01E-05	6.22E-03	3.73E+00	-1.02E+00	2.01E-05	6.22E-03	3.73E+00
9	4.27E-04	-1.02E+00	2.72E-05	8.64E-03	5.40E+00	-1.02E+00	2.71E-05	8.64E-03	5.39E+00
10	4.51E-04	-1.02E+00	2.33E-05	8.20E-03	3.45E+00	-1.02E+00	2.33E-05	8.20E-03	3.45E+00
11	4.74E-04	-1.02E+00	2.36E-05	7.66E-03	2.58E+00	-1.02E+00	2.36E-05	7.65E-03	2.58E+00
12	4.98E-04	-1.02E+00	2.13E-05	6.54E-03	1.53E+00	-1.02E+00	2.13E-05	6.54E-03	1.53E+00
13	5.22E-04	-1.02E+00	2.33E-05	6.03E-03	1.62E+00	-1.02E+00	2.33E-05	6.03E-03	1.62E+00
14	5.45E-04	-1.02E+00	3.32E-05	7.17E-03	1.83E+00	-1.02E+00	3.32E-05	7.17E-03	1.83E+00
15	5.69E-04	-1.02E+00	3.35E-05	7.77E-03	1.35E+00	-1.02E+00	3.35E-05	7.77E-03	1.35E+00
16	5.93E-04	-1.02E+00	2.76E-05	7.25E-03	1.11E+00	-1.02E+00	2.76E-05	7.25E-03	1.10E+00
17	6.17E-04	-1.02E+00	2.74E-05	6.73E-03	7.77E-01	-1.02E+00	2.73E-05	6.73E-03	7.76E-01
18	6.40E-04	-1.02E+00	2.65E-05	6.16E-03	9.34E-01	-1.02E+00	2.65E-05	6.16E-03	9.34E-01
19	6.64E-04	-1.02E+00	3.57E-05	6.49E-03	9.47E-01	-1.02E+00	3.57E-05	6.49E-03	9.47E-01
20	6.88E-04	-1.02E+00	4.16E-05	7.12E-03	7.69E-01	-1.02E+00	4.15E-05	7.12E-03	7.68E-01
21	7.12E-04	-1.02E+00	3.28E-05	6.83E-03	5.90E-01	-1.02E+00	3.28E-05	6.83E-03	5.89E-01
22	7.35E-04	-1.02E+00	3.45E-05	6.66E-03	4.67E-01	-1.02E+00	3.45E-05	6.65E-03	4.67E-01
23	7.59E-04	-1.02E+00	3.22E-05	6.30E-03	5.49E-01	-1.02E+00	3.22E-05	6.30E-03	5.49E-01
24	7.83E-04	-1.02E+00	3.82E-05	6.31E-03	5.65E-01	-1.02E+00	3.82E-05	6.31E-03	5.65E-01
25	8.06E-04	-1.02E+00	4.72E-05	6.74E-03	4.89E-01	-1.02E+00	4.72E-05	6.74E-03	4.89E-01
26	8.30E-04	-1.02E+00	3.93E-05	6.64E-03	3.62E-01	-1.02E+00	3.93E-05	6.63E-03	3.62E-01
27	8.54E-04	-1.02E+00	4.04E-05	6.54E-03	3.02E-01	-1.02E+00	4.04E-05	6.54E-03	3.02E-01
28	8.78E-04	-1.02E+00	3.90E-05	6.36E-03	3.28E-01	-1.02E+00	3.90E-05	6.36E-03	3.28E-01
29	9.01E-04	-1.02E+00	4.17E-05	6.28E-03	3.44E-01	-1.02E+00	4.18E-05	6.28E-03	3.44E-01
30	9.25E-04	-1.02E+00	5.07E-05	6.51E-03	3.10E-01	-1.02E+00	5.07E-05	6.51E-03	3.10E-01
31	9.49E-04	-1.02E+00	4.64E-05	6.51E-03	2.43E-01	-1.02E+00	4.64E-05	6.51E-03	2.43E-01
32	9.72E-04	-1.02E+00	4.65E-05	6.47E-03	2.07E-01	-1.02E+00	4.65E-05	6.47E-03	2.07E-01
33	9.96E-04	-1.02E+00	4.71E-05	6.43E-03	2.09E-01	-1.02E+00	4.71E-05	6.43E-03	2.09E-01
34	1.02E-03	-1.02E+00	4.67E-05	6.34E-03	2.11E-01	-1.02E+00	4.67E-05	6.34E-03	2.11E-01
35	1.04E-03	-1.02E+00	5.32E-05	6.42E-03	1.92E-01	-1.02E+00	5.32E-05	6.42E-03	1.92E-01
36	1.07E-03	-1.02E+00	5.20E-05	6.43E-03	1.55E-01	-1.02E+00	5.20E-05	6.43E-03	1.54E-01
37	1.09E-03	-1.02E+00	5.17E-05	6.40E-03	1.36E-01	-1.02E+00	5.17E-05	6.40E-03	1.35E-01
38	1.11E-03	-1.02E+00	5.39E-05	6.40E-03	1.30E-01	-1.02E+00	5.38E-05	6.40E-03	1.30E-01
39	1.14E-03	-1.02E+00	5.33E-05	6.36E-03	1.25E-01	-1.02E+00	5.33E-05	6.36E-03	1.25E-01
40	1.16E-03	-1.02E+00	5.62E-05	6.37E-03	1.14E-01	-1.02E+00	5.62E-05	6.37E-03	1.14E-01
41	1.19E-03	-1.02E+00	5.71E-05	6.37E-03	9.77E-02	-1.02E+00	5.71E-05	6.37E-03	9.76E-02
42	1.21E-03	-1.02E+00	5.63E-05	6.33E-03	8.62E-02	-1.02E+00	5.63E-05	6.33E-03	8.62E-02
43	1.23E-03	-1.02E+00	5.94E-05	6.34E-03	8.15E-02	-1.02E+00	5.94E-05	6.33E-03	8.15E-02
44	1.26E-03	-1.02E+00	5.99E-05	6.33E-03	7.86E-02	-1.02E+00	5.99E-05	6.33E-03	7.86E-02
45	1.28E-03	-1.02E+00	6.05E-05	6.32E-03	7.38E-02	-1.02E+00	6.04E-05	6.32E-03	7.39E-02
46	1.30E-03	-1.02E+00	6.22E-05	6.31E-03	6.59E-02	-1.02E+00	6.22E-05	6.31E-03	6.60E-02
47	1.33E-03	-1.02E+00	6.25E-05	6.30E-03	5.96E-02	-1.02E+00	6.25E-05	6.30E-03	5.96E-02
48	1.35E-03	-1.02E+00	6.43E-05	6.30E-03	5.66E-02	-1.02E+00	6.43E-05	6.30E-03	5.67E-02
49	1.38E-03	-1.02E+00	6.50E-05	6.29E-03	5.46E-02	-1.02E+00	6.50E-05	6.29E-03	5.46E-02
50	1.40E-03	-1.02E+00	6.58E-05	6.28E-03	5.24E-02	-1.02E+00	6.58E-05	6.28E-03	5.25E-02
51	1.42E-03	-1.02E+00	6.71E-05	6.27E-03	4.73E-02	-1.02E+00	6.71E-05	6.27E-03	4.73E-02
52	1.45E-03	-1.02E+00	6.81E-05	6.27E-03	4.09E-02	-1.02E+00	6.81E-05	6.27E-03	4.10E-02
53	1.47E-03	-1.02E+00	6.89E-05	6.26E-03	3.65E-02	-1.02E+00	6.89E-05	6.26E-03	3.66E-02
54	1.49E-03	-1.02E+00	7.00E-05	6.25E-03	3.38E-02	-1.02E+00	7.00E-05	6.25E-03	3.40E-02
55	1.52E-03	-1.02E+00	7.08E-05	6.24E-03	3.14E-02	-1.02E+00	7.08E-05	6.24E-03	3.15E-02
56	1.54E-03	-1.02E+00	7.22E-05	6.23E-03	2.72E-02	-1.02E+00	7.21E-05	6.23E-03	2.73E-02
57	1.57E-03	-1.02E+00	7.27E-05	6.22E-03	2.22E-02	-1.02E+00	7.27E-05	6.22E-03	2.24E-02
58	1.59E-03	-1.02E+00	7.32E-05	6.20E-03	1.79E-02	-1.02E+00	7.32E-05	6.20E-03	1.80E-02
59	1.61E-03	-1.02E+00	7.44E-05	6.19E-03	1.53E-02	-1.02E+00	7.44E-05	6.19E-03	1.55E-02
60	1.64E-03	-1.02E+00	7.51E-05	6.17E-03	1.33E-02	-1.02E+00	7.51E-05	6.17E-03	1.34E-02
61	1.66E-03	-1.02E+00	7.60E-05	6.16E-03	1.18E-02	-1.02E+00	7.60E-05	6.16E-03	1.20E-02
62	1.68E-03	-1.02E+00	7.64E-05	6.14E-03	1.04E-02	-1.02E+00	7.64E-05	6.14E-03	1.05E-02
63	1.71E-03	-1.02E+00	7.75E-05	6.12E-03	9.04E-03	-1.02E+00	7.74E-05	6.12E-03	9.20E-03
64	1.73E-03	-1.02E+00	7.88E-05	6.10E-03	6.45E-03	-1.02E+00	7.88E-05	6.10E-03	6.62E-03
65	1.76E-03	-1.02E+00	8.01E-05	6.09E-03	5.49E-03	-1.02E+00	8.01E-05	6.09E-03	5.64E-03
66	1.78E-03	-1.02E+00	8.14E-05	6.08E-03	4.99E-03	-1.02E+00	8.14E-05	6.08E-03	5.13E-03
67	1.80E-03	-1.02E+00	8.16E-05	6.07E-03	5.56E-03	-1.02E+00	8.15E-05	6.07E-03	5.71E-03
68	1.83E-03	-1.02E+00	8.25E-05	6.05E-03	4.98E-03	-1.02E+00	8.24E-05	6.05E-03	5.13E-03
69	1.85E-03	-1.02E+00	8.39E-05	6.04E-03	3.40E-03	-1.02E+00	8.38E-05	6.04E-03	3.55E-03
70	1.87E-03	-1.02E+00	8.49E-05	6.03E-03	2.49E-03	-1.02E+00	8.49E-05	6.03E-03	2.63E-03
71	1.90E-03	-1.02E+00	8.59E-05	6.02E-03	2.08E-03	-1.02E+00	8.58E-05	6.02E-03	2.22E-03
72	1.92E-03	-1.02E+00	8.81E-05	6.02E-03	3.14E-03	-1.02E+00	8.80E-05	6.02E-03	3.27E-03
73	1.94E-03	-1.02E+00	8.95E-05	6.02E-03	3.15E-03	-1.02E+00	8.94E-05	6.02E-03	3.27E-03
74	1.97E-03	-1.02E+00	8.85E-05	6.01E-03	2.39E-03	-1.02E+00	8.85E-05	6.01E-03	2.51E-03
75	1.99E-03	-1.02E+00	8.89E-05	6.00E-03	8.61E-04	-1.02E+00	8.88E-05	5.99E-03	9.83E-04
76	2.02E-03	-1.02E+00	8.93E-05	5.98E-03	-1.17E-04	-1.02E+00	8.93E-05	5.98E-03	-1.23E-05
77	2.04E-03	-1.02E+00	9.22E-05	5.97E-03	2.29E-04	-1.02E+00	9.22E-05	5.97E-03	3.24E-04
78	2.06E-03	-1.02E+00	9.47E-05	5.98E-03	6.30E-04	-1.02E+00	9.47E-05	5.98E-03	7.18E-04
79	2.09E-03	-1.02E+00	9.40E-05	5.97E-03	2.07E-04	-1.02E+00	9.40E-05	5.97E-03	2.94E-04
80	2.11E-03	-1.02E+00	9.43E-05	5.96E-03	-1.66E-03	-1.02E+00	9.43E-05	5.96E-03	-1.59E-03
81	2.13E-03	-1.02E+00	9.43E-05	5.95E-03	-2.98E-03	-1.02E+00	9.42E-05	5.94E-03	-2.93E-03
82	2.16E-03	-1.02E+00	9.59E-05	5.94E-03	-2.74E-03	-1.02E+00	9.58E-05	5.93E-03	-2.70E-03
83	2.18E-03	-1.02E+00	1.00E-04	5.94E-03	-2.09E-03	-1.02E+00	1.00E-04	5.94E-03	-2.04E-03
84	2.21E-03	-1.02E+00	1.01E-04	5.94E-03	-2.44E-03	-1.02E+00	1.01E-04	5.94E-03	-2.39E-03
85	2.23E-03	-1.02E+00	9.94E-05	5.94E-03	-4.48E-03	-1.02E+00	9.93E-05	5.94E-03	-4.43E-03
86	2.25E-03	-1.02E+00	9.89E-05	5.92E-03	-6.33E-03	-1.02E+00	9.89E-05	5.92E-03	-6.28E-03
87	2.28E-03	-1.02E+00	9.92E-05	5.91E-03	-6.22E-03	-1.02E+00	9.92E-05	5.90E-03	-6.18E-03
88	2.30E-03	-1.02E+00	1.03E-04	5.90E-03	-5.86E-03	-1.02E+00	1.03E-04	5.90E-03	-5.83E-03
89	2.32E-03	-1.02E+00	1.07E-04	5.91E-03	-6.32E-03	-1.02E+00	1.07E-04	5.91E-03	-6.28E-03
90	2.35E-03	-1.02E+00	1.07E-04	5.91E-03	-7.60E-03	-1.02E+00	1.07E-04	5.91E-03	-7.56E-03
91	2.37E-03	-1.02E+00	1.05E-04	5.91E-03	-8.04E-03	-1.02E+00	1.05E-04	5.90E-03	-7.99E-03
92	2.40E-03	-1.02E+00	1.05E-04	5.89E-03	-7.66E-03	-1.02E+00	1.05E-04	5.89E-03	-7.62E-03
93	2.42E-03	-1.02E+00	1.08E-04	5.89E-03	-6.83E-03	-1.02E+00	1.08E-04	5.89E-03	-6.79E-03
94	2.44E-03	-1.02E+00	1.11E-04	5.89E-03	-6.41E-03	-1.02E+00	1.11E-04	5.89E-03	-6.38E-03
95	2.47E-03	-1.02E+00	1.11E-04	5.90E-03	-6.11E-03	-1.02E+00	1.11E-04	5.89E-03	-6.07E-03
96	2.49E-03	-1.02E+00	1.12E-04	5.89E-03	-5.73E-03	-1.02E+00	1.12E-04	5.89E-03	-5.68E-03
97	2.51E-03	-1.02E+00	1.12E-04	5.89E-03	-5.45E-03	-1.02E+00	1.12E-04	5.89E-03	-5.41E-03
98	2.54E-03	-1.02E+00	1.15E-04	5.89E-03	-5.09E-03	-1.02E+00	1.15E-04	5.89E-03	-5.06E-03
99	2.56E-03	-1.02E+00	1.15E-04	5.89E-03	-4.48E-03	-1.02E+00	1.15E-04	5.89E-03	-4.45E-03
100	2.59E-03	-1.02E+00	1.16E-04	5.89E-03	-3.60E-03	-1.02E+00	1.16E-04	5.89E-03	-3.57E-03
101	2.61E-03	-1.02E+00	1.18E-04	5.90E-03	-3.46E-03	-1.02E+00	1.18E-04	5.90E-03	-3.42E-03
102	2.63E-03	-1.02E+00	1.18E-04	5.90E-03	-4.08E-03	-1.02E+00	1.18E-04	5.90E-03	-4.05E-03
103	2.66E-03	-1.02E+00	1.20E-04	5.90E-03	-4.03E-03	-1.02E+00	1.20E-04	5.90E-03	-4.01E-03
104	2.68E-03	-1.02E+00	1.19E-04	5.90E-03	-2.92E-03	-1.02E+00	1.19E-04	5.90E-03	-2.90E-03
105	2.70E-03	-1.02E+00	1.21E-04	5.90E-03	-1.83E-03	-1.02E+00	1.21E-04	5.90E-03	-1.81E-03
106	2.73E-03	-1.02E+00	1.24E-04	5.90E-03	-2.17E-03	-1.02E+00	1.24E-04	5.90E-03	-2.15E-03
107	2.75E-03	-1.02E+00	1.25E-04	5.91E-03	-3.26E-03	-1.02E+00	1.25E-04	5.91E-03	-3.24E-03
108	2.77E-03	-1.02E+00	1.23E-04	5.90E-03	-2.96E-03	-1.02E+00	1.23E-04	5.90E-03	-2.94E-03
109	2.80E-03	-1.02E+00	1.23E-04	5.90E-03	-1.50E-03	-1.02E+00	1.23E-04	5.90E-03	-1.49E-03
110	2.82E-03	-1.02E+00	1.27E-04	5.90E-03	-5.89E-04	-1.02E+00	1.27E-04	5.90E-03	-5.85E-04
111	2.85E-03	-1.02E+00	1.30E-04	5.91E-03	-1.37E-03	-1.02E+00	1.30E-04	5.90E-03	-1.37E-03
112	2.87E-03	-1.02E+00	1.30E-04	5.91E-03	-2.40E-03	-1.02E+00	1.30E-04	5.91E-03	-2.40E-03
113	2.89E-03	-1.02E+00	1.28E-04	5.91E-03	-1.91E-03	-1.02E+00	1.28E-04	5.90E-03	-1.92E-03
114	2.92E-03	-1.02E+00	1.28E-04	5.90E-03	-4.96E-04	-1.02E+00	1.28E-04	5.90E-03	-5.13E-04
115	2.94E-03	-1.02E+00	1.31E-04	5.90E-03	1.72E-04	-1.02E+00	1.31E-04	5.90E-03	1.50E-04
116	2.96E-03	-1.02E+00	1.35E-04	5.91E-03	-9.92E-04	-1.02E+00	1.35E-04	5.90E-03	-1.02E-03
117	2.99E-03	-1.02E+00	1.35E-04	5.91E-03	-2.45E-03	-1.02E+00	1.35E-04	5.91E-03	-2.48E-03
118	3.01E-03	-1.02E+00	1.34E-04	5.91E-03	-2.48E-03	-1.02E+00	1.34E-04	5.90E-03	-2.51E-03
119	3.04E-03	-1.02E+00	1.34E-04	5.90E-03	-1.63E-03	-1.02E+00	1.34E-04	5.90E-03	-1.67E-03
120	3.06E-03	-1.02E+00	1.37E-04	5.90E-03	-1.22E-03	-1.02E+00	1.36E-04	5.90E-03	-1.26E-03
121	3.08E-03	-1.02E+00	1.38E-04	5.90E-03	-1.63E-03	-1.02E+00	1.38E-04	5.90E-03	-1.67E-03
122	3.11E-03	-1.02E+00	1.39E-04	5.90E-03	-1.98E-03	-1.02E+00	1.39E-04	5.90E-03	-2.03E-03
123	3.13E-03	-1.02E+00	1.40E-04	5.90E-03	-2.01E-03	-1.02E+00	1.40E-04	5.90E-03	-2.05E-03
124	3.15E-03	-1.02E+00	1.40E-04	5.90E-03	-1.43E-03	-1.02E+00	1.40E-04	5.90E-03	-1.48E-03
125	3.18E-03	-1.02E+00	1.41E-04	5.90E-03	-1.04E-03	-1.02E+00	1.41E-04	5.90E-03	-1.09E-03
126	3.20E-03	-1.02E+00	1.43E-04	5.90E-03	-1.07E-03	-1.02E+00	1.43E-04	5.90E-03	-1.13E-03
127	3.23E-03	-1.02E+00	1.43E-04	5.90E-03	-1.17E-03	-1.02E+00	1.43E-04	5.90E-03	-1.22E-03
128	3.25E-03	-1.02E+00	1.45E-04	5.90E-03	-1.10E-03	-1.02E+00	1.45E-04	5.90E-03	-1.15E-03
129	3.27E-03	-1.02E+00	1.46E-04	5.90E-03	-6.21E-04	-1.02E+00	1.46E-04	5.90E-03	-6.78E-04
130	3.30E-03	-1.02E+00	1.46E-04	5.90E-03	-1.37E-04	-1.02E+00	1.46E-04	5.90E-03	-1.98E-04
131	3.32E-03	-1.02E+00	1.48E-04	5.90E-03	2.35E-04	-1.02E+00	1.48E-04	5.90E-03	1.70E-04
132	3.34E-03	-1.02E+00	1.48E-04	5.90E-03	-1.87E-05	-1.02E+00	1.48E-04	5.90E-03	-8.53E-05
133	3.37E-03	-1.02E+00	1.49E-04	5.90E-03	-4.99E-04	-1.02E+00	1.49E-04	5.90E-03	-5.67E-04
134	3.39E-03	-1.02E+00	1.52E-04	5.90E-03	-6.42E-04	-1.02E+00	1.52E-04	5.90E-03	-7.10E-04
135	3.42E-03	-1.02E+00	1.53E-04	5.90E-03	-4.30E-04	-1.02E+00	1.53E-04	5.90E-03	-4.97E-04
136	3.44E-03	-1.02E+00	1.53E-04	5.90E-03	-4.65E-04	-1.02E+00	1.53E-04	5.90E-03	-5.32E-04
137	3.46E-03	-1.02E+00	1.54E-04	5.90E-03	-9.71E-04	-1.02E+00	1.54E-04	5.90E-03	-1.05E-03
138	3.49E-03	-1.02E+00	1.55E-04	5.90E-03	-1.28E-03	-1.02E+00	1.55E-04	5.90E-03	-1.36E-03
139	3.51E-03	-1.02E+00	1.57E-04	5.90E-03	-1.05E-03	-1.02E+00	1.57E-04	5.90E-03	-1.13E-03
140	3.53E-03	-1.02E+00	1.60E-04	5.91E-03	-9.35E-04	-1.02E+00	1.60E-04	5.90E-03	-1.02E-03
141	3.56E-03	-1.02E+00	1.59E-04	5.91E-03	-1.45E-03	-1.02E+00	1.58E-04	5.90E-03	-1.53E-03
142	3.58E-03	-1.02E+00	1.57E-04	5.90E-03	-2.03E-03	-1.02E+00	1.57E-04	5.90E-03	-2.12E-03
143	3.61E-03	-1.02E+00	1.60E-04	5.90E-03	-2.41E-03	-1.02E+00	1.60E-04	5.90E-03	-2.50E-03
144	3.63E-03	-1.02E+00	1.62E-04	5.90E-03	-2.09E-03	-1.02E+00	1.62E-04	5.90E-03	-2.18E-03
145	3.65E-03	-1.02E+00	1.63E-04	5.90E-03	-2.04E-03	-1.02E+00	1.63E-04	5.90E-03	-2.13E-03
146	3.68E-03	-1.02E+00	1.62E-04	5.90E-03	-2.64E-03	-1.02E+00	1.62E-04	5.90E-03	-2.73E-03
147	3.70E-03	-1.02E+00	1.62E-04	5.90E-03	-3.54E-03	-1.02E+00	1.62E-04	5.90E-03	-3.63E-03
148	3.72E-03	-1.02E+00	1.67E-04	5.90E-03	-4.07E-03	-1.02E+00	1.67E-04	5.90E-03	-4.18E-03
149	3.75E-03	-1.02E+00	1.69E-04	5.91E-03	-3.67E-03	-1.02E+00	1.68E-04	5.90E-03	-3.78E-03
150	3.77E-03	-1.02E+00	1.68E-04	5.91E-03	-3.25E-03	-1.02E+00	1.68E-04	5.90E-03	-3.37E-03
151	3.79E-03	-1.02E+00	1.67E-04	5.90E-03	-3.65E-03	-1.02E+00	1.67E-04	5.90E-03	-3.77E-03
152	3.82E-03	-1.02E+00	1.68E-04	5.90E-03	-4.53E-03	-1.02E+00	1.67E-04	5.90E-03	-4.65E-03
153	3.84E-03	-1.02E+00	1.70E-04	5.90E-03	-5.25E-03	-1.02E+00	1.70E-04	5.90E-03	-5.37E-03
154	3.87E-03	-1.02E+00	1.71E-04	5.90E-03	-5.29E-03	-1.02E+00	1.71E-04	5.90E-03	-5.41E-03
155	3.89E-03	-1.02E+00	1.72E-04	5.90E-03	-4.94E-03	-1.02E+00	1.72E-04	5.90E-03	-5.07E-03
156	3.91E-03	-1.02E+00	1.74E-04	5.90E-03	-4.85E-03	-1.02E+00	1.74E-04	5.90E-03	-4.99E-03
157	3.94E-03	-1.02E+00	1.74E-04	5.90E-03	-5.19E-03	-1.02E+00	1.74E-04	5.90E-03	-5.35E-03
158	3.96E-03	-1.02E+00	1.74E-04	5.90E-03	-5.77E-03	-1.02E+00	1.74E-04	5.90E-03	-5.93E-03
159	3.98E-03	-1.02E+00	1.76E-04	5.90E-03	-6.03E-03	-1.02E+00	1.76E-04	5.89E-03	-6.20E-03
160	4.01E-03	-1.02E+00	1.76E-04	5.90E-03	-6.10E-03	-1.02E+00	1.76E-04	5.89E-03	-6.26E-03
161	4.03E-03	-1.02E+00	1.77E-04	5.89E-03	-6.22E-03	-1.02E+00	1.77E-04	5.89E-03	-6.39E-03
162	4.06E-03	-1.02E+00	1.77E-04	5.89E-03	-6.49E-03	-1.02E+00	1.77E-04	5.89E-03	-6.66E-03
163	4.08E-03	-1.02E+00	1.78E-04	5.89E-03	-6.77E-03	-1.02E+00	1.78E-04	5.88E-03	-6.96E-03
164	4.10E-03	-1.02E+00	1.80E-04	5.89E-03	-6.93E-03	-1.02E+00	1.80E-04	5.88E-03	-7.12E-03
165	4.13E-03	-1.02E+00	1.82E-04	5.89E-03	-7.11E-03	-1.02E+00	1.82E-04	5.88E-03	-7.30E-03
166	4.15E-03	-1.02E+00	1.85E-04	5.89E-03	-7.30E-03	-1.02E+00	1.85E-04	5.88E-03	-7.50E-03
167	4.17E-03	-1.02E+00	1.85E-04	5.89E-03	-7.35E-03	-1.02E+00	1.84E-04	5.88E-03	-7.56E-03
168	4.20E-03	-1.02E+00	1.81E-04	5.88E-03	-7.28E-03	-1.02E+00	1.81E-04	5.88E-03	-7.50E-03
169	4.22E-03	-1.02E+00	1.83E-04	5.88E-03	-7.57E-03	-1.02E+00	1.83E-04	5.87E-03	-7.78E-03
170	4.25E-03	-1.02E+00	1.87E-04	5.88E-03	-8.04E-03	-1.02E+00	1.87E-04	5.87E-03	-8.26E-03
171	4.27E-03	-1.02E+00	1.92E-04	5.88E-03	-8.32E-03	-1.02E+00	1.92E-04	5.88E-03	-8.54E-03
172	4.29E-03	-1.02E+00	1.91E-04	5.88E-03	-8.22E-03	-1.02E+00	1.91E-04	5.88E-03	-8.44E-03
173	4.32E-03	-1.02E+00	1.89E-04	5.88E-03	-8.23E-03	-1.02E+00	1.89E-04	5.88E-03	-8.45E-03
174	4.34E-03	-1.02E+00	1.91E-04	5.88E-03	-8.55E-03	-1.02E+00	1.91E-04	5.88E-03	-8.78E-03
175	4.36E-03	-1.02E+00	1.93E-04	5.88E-03	-8.98E-03	-1.02E+00	1.92E-04	5.88E-03	-9.22E-03
176	4.39E-03	-1.02E+00	1.94E-04	5.88E-03	-9.16E-03	-1.02E+00	1.94E-04	5.88E-03	-9.40E-03
177	4.41E-03	-1.02E+00	1.92E-04	5.88E-03	-9.41E-03	-1.02E+00	1.92E-04	5.87E-03	-9.65E-03
178	4.44E-03	-1.02E+00	1.92E-04	5.88E-03	-9.79E-03	-1.02E+00	1.92E-04	5.87E-03	-1.00E-02
179	4.46E-03	-1.02E+00	1.93E-04	5.87E-03	-9.90E-03	-1.02E+00	1.93E-04	5.87E-03	-1.01E-02
180	4.48E-03	-1.02E+00	1.98E-04	5.87E-03	-9.74E-03	-1.02E+00	1.98E-04	5.87E-03	-9.99E-03
181	4.51E-03	-1.02E+00	2.00E-04	5.87E-03	-9.86E-03	-1.02E+00	2.00E-04	5.87E-03	-1.01E-02
182	4.53E-03	-1.02E+00	1.98E-04	5.87E-03	-1.04E-02	-1.02E+00	1.98E-04	5.87E-03	-1.07E-02
183	4.55E-03	-1.02E+00	1.94E-04	5.87E-03	-1.10E-02	-1.02E+00	1.94E-04	5.86E-03	-1.12E-02
184	4.58E-03	-1.02E+00	1.95E-04	5.86E-03	-1.11E-02	-1.02E+00	1.95E-04	5.85E-03	-1.13E-02
185	4.60E-03	-1.02E+00	2.02E-04	5.86E-03	-1.11E-02	-1.02E+00	2.02E-04	5.85E-03	-1.13E-02
186	4.62E-03	-1.02E+00	2.04E-04	5.86E-03	-1.13E-02	-1.02E+00	2.04E-04	5.86E-03	-1.16E-02
187	4.65E-03	-1.02E+00	2.02E-04	5.86E-03	-1.18E-02	-1.02E+00	2.01E-04	5.85E-03	-1.20E-02
188	4.67E-03	-1.02E+00	2.02E-04	5.85E-03	-1.21E-02	-1.02E+00	2.02E-04	5.85E-03	-1.24E-02
189	4.70E-03	-1.02E+00	2.02E-04	5.85E-03	-1.24E-02	-1.02E+00	2.02E-04	5.84E-03	-1.26E-02
190	4.72E-03	-1.02E+00	2.06E-04	5.85E-03	-1.26E-02	-1.02E+00	2.06E-04	5.84E-03	-1.28E-02
191	4.74E-03	-1.02E+00	2.07E-04	5.85E-03	-1.29E-02	-1.02E+00	2.06E-04	5.84E-03	-1.32E-02
