Nstp     TIME       AvrPFI_D     VarPFI_D    Dfs(m*m/s)   Dflow(m/s)     AvrPFI_E     VarPfi_E    Kai(m*m/s)   Eflow(m./s)
   1  2.37171E-04 -1.02664E+00  1.28816E-05  0.00000E+00  0.00000E+00  -1.02664E+00  1.28791E-05  0.00000E+00  0.00000E+00
   2  2.60888E-04 -1.02487E+00  1.02736E-05 -1.49923E-02  3.90058E+01  -1.02487E+00  1.02708E-05 -1.49936E-02  3.90356E+01
   3  2.84605E-04 -1.02356E+00  1.43445E-05  4.20120E-03  3.38615E+01  -1.02356E+00  1.43456E-05  4.21160E-03  3.38563E+01
   4  3.08322E-04 -1.02204E+00  1.97055E-05  1.40830E-02  3.32210E+01  -1.02204E+00  1.97039E-05  1.40869E-02  3.32087E+01
   5  3.32039E-04 -1.02438E+00  1.38283E-05  6.50830E-03  1.61526E+01  -1.02438E+00  1.38269E-05  6.51018E-03  1.61464E+01
   6  3.55756E-04 -1.02480E+00  2.06386E-05  9.00174E-03  7.64799E+00  -1.02480E+00  2.06395E-05  9.00474E-03  7.64327E+00
   7  3.79473E-04 -1.02480E+00  1.57253E-05  5.90111E-03  3.80234E+00  -1.02479E+00  1.57194E-05  5.90003E-03  3.80477E+00
   8  4.03190E-04 -1.02379E+00  2.01196E-05  6.21846E-03  3.73250E+00  -1.02379E+00  2.01226E-05  6.21997E-03  3.73263E+00
   9  4.26907E-04 -1.02246E+00  2.71504E-05  8.63910E-03  5.39573E+00  -1.02246E+00  2.71462E-05  8.63897E-03  5.39335E+00
  10  4.50625E-04 -1.02454E+00  2.32862E-05  8.20380E-03  3.45169E+00  -1.02455E+00  2.32764E-05  8.20110E-03  3.44729E+00
  11  4.74342E-04 -1.02419E+00  2.35529E-05  7.65526E-03  2.58338E+00  -1.02419E+00  2.35516E-05  7.65351E-03  2.58034E+00
  12  4.98059E-04 -1.02473E+00  2.12587E-05  6.54059E-03  1.53124E+00  -1.02473E+00  2.12516E-05  6.53816E-03  1.53166E+00
  13  5.21776E-04 -1.02365E+00  2.32974E-05  6.03196E-03  1.62318E+00  -1.02366E+00  2.33029E-05  6.03157E-03  1.62312E+00
  14  5.45493E-04 -1.02335E+00  3.32255E-05  7.17066E-03  1.82789E+00  -1.02335E+00  3.32248E-05  7.17056E-03  1.82723E+00
  15  5.69210E-04 -1.02438E+00  3.34807E-05  7.77399E-03  1.34769E+00  -1.02438E+00  3.34667E-05  7.77217E-03  1.34521E+00
  16  5.92927E-04 -1.02415E+00  2.75711E-05  7.25292E-03  1.10606E+00  -1.02415E+00  2.75680E-05  7.25138E-03  1.10408E+00
  17  6.16644E-04 -1.02448E+00  2.73547E-05  6.73089E-03  7.76551E-01  -1.02448E+00  2.73441E-05  6.72871E-03  7.76351E-01
  18  6.40361E-04 -1.02344E+00  2.65384E-05  6.15905E-03  9.33764E-01  -1.02344E+00  2.65434E-05  6.15805E-03  9.33979E-01
  19  6.64078E-04 -1.02369E+00  3.57439E-05  6.49145E-03  9.46851E-01  -1.02369E+00  3.57473E-05  6.49115E-03  9.46911E-01
  20  6.87795E-04 -1.02424E+00  4.15589E-05  7.11985E-03  7.68682E-01  -1.02424E+00  4.15441E-05  7.11858E-03  7.67544E-01
  21  7.11512E-04 -1.02437E+00  3.27620E-05  6.83497E-03  5.89658E-01  -1.02437E+00  3.27527E-05  6.83341E-03  5.88689E-01
  22  7.35230E-04 -1.02430E+00  3.44651E-05  6.65530E-03  4.66795E-01  -1.02430E+00  3.44549E-05  6.65348E-03  4.66536E-01
  23  7.58947E-04 -1.02354E+00  3.21684E-05  6.30004E-03  5.48714E-01  -1.02354E+00  3.21712E-05  6.29885E-03  5.49021E-01
  24  7.82664E-04 -1.02373E+00  3.81962E-05  6.31289E-03  5.65124E-01  -1.02373E+00  3.82047E-05  6.31252E-03  5.65398E-01
  25  8.06381E-04 -1.02414E+00  4.72087E-05  6.74367E-03  4.89157E-01  -1.02415E+00  4.71955E-05  6.74280E-03  4.88771E-01
  26  8.30098E-04 -1.02448E+00  3.92785E-05  6.63543E-03  3.62481E-01  -1.02448E+00  3.92556E-05  6.63368E-03  3.62009E-01
  27  8.53815E-04 -1.02423E+00  4.03750E-05  6.54472E-03  3.02174E-01  -1.02423E+00  4.03644E-05  6.54287E-03  3.01972E-01
  28  8.77532E-04 -1.02376E+00  3.89666E-05  6.36290E-03  3.28053E-01  -1.02376E+00  3.89687E-05  6.36151E-03  3.28240E-01
  29  9.01249E-04 -1.02378E+00  4.17435E-05  6.28395E-03  3.44018E-01  -1.02378E+00  4.17572E-05  6.28341E-03  3.44192E-01
  30  9.24966E-04 -1.02409E+00  5.06936E-05  6.51216E-03  3.10326E-01  -1.02409E+00  5.06877E-05  6.51158E-03  3.10166E-01
  31  9.48683E-04 -1.02437E+00  4.63909E-05  6.51019E-03  2.43176E-01  -1.02437E+00  4.63619E-05  6.50878E-03  2.42892E-01
  32  9.72400E-04 -1.02420E+00  4.64950E-05  6.47333E-03  2.07495E-01  -1.02420E+00  4.64813E-05  6.47175E-03  2.07333E-01
  33  9.96117E-04 -1.02393E+00  4.71137E-05  6.42666E-03  2.08608E-01  -1.02393E+00  4.71122E-05  6.42531E-03  2.08638E-01
  34  1.01983E-03 -1.02391E+00  4.66830E-05  6.34369E-03  2.11193E-01  -1.02391E+00  4.66969E-05  6.34299E-03  2.11237E-01
  35  1.04355E-03 -1.02411E+00  5.32313E-05  6.42396E-03  1.91909E-01  -1.02411E+00  5.32317E-05  6.42344E-03  1.91830E-01
  36  1.06727E-03 -1.02431E+00  5.19965E-05  6.43085E-03  1.54590E-01  -1.02431E+00  5.19684E-05  6.42974E-03  1.54444E-01
  37  1.09099E-03 -1.02417E+00  5.16761E-05  6.40012E-03  1.35570E-01  -1.02417E+00  5.16602E-05  6.39882E-03  1.35486E-01
  38  1.11470E-03 -1.02404E+00  5.38540E-05  6.39872E-03  1.30046E-01  -1.02404E+00  5.38438E-05  6.39740E-03  1.30041E-01
  39  1.13842E-03 -1.02404E+00  5.33438E-05  6.36206E-03  1.25115E-01  -1.02404E+00  5.33474E-05  6.36103E-03  1.25110E-01
  40  1.16214E-03 -1.02412E+00  5.61626E-05  6.36695E-03  1.13631E-01  -1.02412E+00  5.61649E-05  6.36614E-03  1.13592E-01
  41  1.18585E-03 -1.02420E+00  5.71063E-05  6.36788E-03  9.76523E-02  -1.02420E+00  5.70864E-05  6.36682E-03  9.76237E-02
  42  1.20957E-03 -1.02416E+00  5.62681E-05  6.33112E-03  8.62073E-02  -1.02416E+00  5.62518E-05  6.32992E-03  8.62197E-02
  43  1.23329E-03 -1.02408E+00  5.94028E-05  6.33612E-03  8.14620E-02  -1.02408E+00  5.93923E-05  6.33490E-03  8.14981E-02
  44  1.25701E-03 -1.02406E+00  5.99321E-05  6.33066E-03  7.86176E-02  -1.02406E+00  5.99231E-05  6.32946E-03  7.86421E-02
  45  1.28072E-03 -1.02409E+00  6.04544E-05  6.31645E-03  7.38305E-02  -1.02409E+00  6.04481E-05  6.31532E-03  7.38555E-02
  46  1.30444E-03 -1.02415E+00  6.21976E-05  6.31440E-03  6.59450E-02  -1.02415E+00  6.21849E-05  6.31322E-03  6.59912E-02
  47  1.32816E-03 -1.02414E+00  6.25089E-05  6.30031E-03  5.95707E-02  -1.02414E+00  6.24960E-05  6.29910E-03  5.96353E-02
  48  1.35187E-03 -1.02409E+00  6.42926E-05  6.29783E-03  5.66302E-02  -1.02409E+00  6.42871E-05  6.29670E-03  5.66996E-02
  49  1.37559E-03 -1.02407E+00  6.50443E-05  6.29092E-03  5.45632E-02  -1.02408E+00  6.50311E-05  6.28975E-03  5.46214E-02
  50  1.39931E-03 -1.02408E+00  6.58019E-05  6.28031E-03  5.24355E-02  -1.02408E+00  6.57875E-05  6.27909E-03  5.24974E-02
  51  1.42302E-03 -1.02414E+00  6.71385E-05  6.27430E-03  4.72576E-02  -1.02414E+00  6.71245E-05  6.27305E-03  4.73374E-02
  52  1.44674E-03 -1.02418E+00  6.81202E-05  6.26749E-03  4.08600E-02  -1.02418E+00  6.81123E-05  6.26630E-03  4.09591E-02
  53  1.47046E-03 -1.02415E+00  6.89182E-05  6.25766E-03  3.64857E-02  -1.02415E+00  6.89095E-05  6.25650E-03  3.66012E-02
  54  1.49418E-03 -1.02412E+00  7.00271E-05  6.24910E-03  3.38312E-02  -1.02412E+00  7.00089E-05  6.24786E-03  3.39539E-02
  55  1.51789E-03 -1.02412E+00  7.08131E-05  6.23817E-03  3.13815E-02  -1.02412E+00  7.07926E-05  6.23684E-03  3.15113E-02
  56  1.54161E-03 -1.02416E+00  7.21646E-05  6.23142E-03  2.72179E-02  -1.02416E+00  7.21458E-05  6.23003E-03  2.73431E-02
  57  1.56533E-03 -1.02419E+00  7.26737E-05  6.21931E-03  2.22476E-02  -1.02419E+00  7.26572E-05  6.21789E-03  2.23837E-02
  58  1.58904E-03 -1.02419E+00  7.32197E-05  6.20288E-03  1.78865E-02  -1.02419E+00  7.32037E-05  6.20145E-03  1.80405E-02
  59  1.61276E-03 -1.02415E+00  7.44404E-05  6.18931E-03  1.53470E-02  -1.02415E+00  7.44167E-05  6.18779E-03  1.55034E-02
  60  1.63648E-03 -1.02414E+00  7.51426E-05  6.17363E-03  1.32554E-02  -1.02414E+00  7.51168E-05  6.17202E-03  1.33989E-02
  61  1.66020E-03 -1.02413E+00  7.59860E-05  6.15731E-03  1.18276E-02  -1.02413E+00  7.59638E-05  6.15564E-03  1.19592E-02
  62  1.68391E-03 -1.02413E+00  7.64320E-05  6.13706E-03  1.03909E-02  -1.02413E+00  7.64121E-05  6.13536E-03  1.05359E-02
  63  1.70763E-03 -1.02413E+00  7.74640E-05  6.11835E-03  9.04232E-03  -1.02413E+00  7.74493E-05  6.11668E-03  9.20428E-03
  64  1.73135E-03 -1.02418E+00  7.88321E-05  6.10402E-03  6.45099E-03  -1.02418E+00  7.88171E-05  6.10238E-03  6.61528E-03
  65  1.75506E-03 -1.02413E+00  8.00721E-05  6.09208E-03  5.49118E-03  -1.02413E+00  8.00524E-05  6.09042E-03  5.64460E-03
  66  1.77878E-03 -1.02412E+00  8.14211E-05  6.08355E-03  4.98531E-03  -1.02412E+00  8.13902E-05  6.08179E-03  5.12961E-03
  67  1.80250E-03 -1.02408E+00  8.15726E-05  6.06881E-03  5.56128E-03  -1.02408E+00  8.15480E-05  6.06701E-03  5.70887E-03
  68  1.82622E-03 -1.02412E+00  8.24564E-05  6.05433E-03  4.97950E-03  -1.02412E+00  8.24386E-05  6.05255E-03  5.13058E-03
  69  1.84993E-03 -1.02416E+00  8.38607E-05  6.04359E-03  3.39964E-03  -1.02416E+00  8.38454E-05  6.04184E-03  3.54967E-03
  70  1.87365E-03 -1.02414E+00  8.49244E-05  6.03362E-03  2.48793E-03  -1.02414E+00  8.49050E-05  6.03188E-03  2.63128E-03
  71  1.89737E-03 -1.02412E+00  8.58523E-05  6.02365E-03  2.08282E-03  -1.02412E+00  8.58283E-05  6.02188E-03  2.22007E-03
  72  1.92108E-03 -1.02407E+00  8.80704E-05  6.02200E-03  3.14395E-03  -1.02407E+00  8.80451E-05  6.02020E-03  3.27125E-03
  73  1.94480E-03 -1.02411E+00  8.94625E-05  6.02303E-03  3.14752E-03  -1.02411E+00  8.94448E-05  6.02125E-03  3.27289E-03
  74  1.96852E-03 -1.02414E+00  8.84991E-05  6.01146E-03  2.38743E-03  -1.02414E+00  8.84846E-05  6.00973E-03  2.51195E-03
  75  1.99223E-03 -1.02417E+00  8.88678E-05  5.99672E-03  8.61363E-04  -1.02417E+00  8.88444E-05  5.99498E-03  9.83214E-04
  76  2.01595E-03 -1.02415E+00  8.93047E-05  5.97934E-03 -1.16900E-04  -1.02415E+00  8.92713E-05  5.97753E-03 -1.23399E-05
  77  2.03967E-03 -1.02410E+00  9.22120E-05  5.97385E-03  2.29097E-04  -1.02410E+00  9.21951E-05  5.97208E-03  3.23850E-04
  78  2.06339E-03 -1.02409E+00  9.47040E-05  5.97708E-03  6.29786E-04  -1.02409E+00  9.46896E-05  5.97536E-03  7.18101E-04
  79  2.08710E-03 -1.02413E+00  9.40407E-05  5.97094E-03  2.06572E-04  -1.02413E+00  9.40220E-05  5.96923E-03  2.93722E-04
  80  2.11082E-03 -1.02420E+00  9.43388E-05  5.96144E-03 -1.66400E-03  -1.02420E+00  9.43172E-05  5.95974E-03 -1.58932E-03
  81  2.13454E-03 -1.02418E+00  9.42661E-05  5.94653E-03 -2.98391E-03  -1.02418E+00  9.42356E-05  5.94479E-03 -2.93047E-03
  82  2.15825E-03 -1.02411E+00  9.58565E-05  5.93529E-03 -2.74408E-03  -1.02411E+00  9.58330E-05  5.93356E-03 -2.70228E-03
  83  2.18197E-03 -1.02408E+00  1.00089E-04  5.94085E-03 -2.08581E-03  -1.02408E+00  1.00059E-04  5.93908E-03 -2.04199E-03
  84  2.20569E-03 -1.02414E+00  1.00822E-04  5.94484E-03 -2.44453E-03  -1.02414E+00  1.00796E-04  5.94306E-03 -2.39469E-03
  85  2.22941E-03 -1.02423E+00  9.93571E-05  5.93694E-03 -4.48140E-03  -1.02423E+00  9.93338E-05  5.93516E-03 -4.43158E-03
  86  2.25312E-03 -1.02423E+00  9.89414E-05  5.92255E-03 -6.32508E-03  -1.02423E+00  9.89155E-05  5.92078E-03 -6.28404E-03
  87  2.27684E-03 -1.02412E+00  9.92169E-05  5.90536E-03 -6.21672E-03  -1.02412E+00  9.91949E-05  5.90360E-03 -6.18175E-03
  88  2.30056E-03 -1.02411E+00  1.02884E-04  5.90124E-03 -5.85982E-03  -1.02411E+00  1.02855E-04  5.89947E-03 -5.83108E-03
  89  2.32427E-03 -1.02416E+00  1.06948E-04  5.91069E-03 -6.31679E-03  -1.02416E+00  1.06913E-04  5.90888E-03 -6.28480E-03
  90  2.34799E-03 -1.02421E+00  1.06619E-04  5.91384E-03 -7.59841E-03  -1.02421E+00  1.06587E-04  5.91201E-03 -7.55922E-03
  91  2.37171E-03 -1.02416E+00  1.05140E-04  5.90610E-03 -8.03549E-03  -1.02416E+00  1.05107E-04  5.90424E-03 -7.99338E-03
  92  2.39543E-03 -1.02411E+00  1.04818E-04  5.89339E-03 -7.66165E-03  -1.02411E+00  1.04791E-04  5.89154E-03 -7.61758E-03
  93  2.41914E-03 -1.02408E+00  1.08166E-04  5.89070E-03 -6.82891E-03  -1.02408E+00  1.08142E-04  5.88887E-03 -6.79097E-03
  94  2.44286E-03 -1.02411E+00  1.10720E-04  5.89429E-03 -6.41379E-03  -1.02411E+00  1.10691E-04  5.89245E-03 -6.38108E-03
  95  2.46658E-03 -1.02411E+00  1.11114E-04  5.89520E-03 -6.10689E-03  -1.02411E+00  1.11076E-04  5.89332E-03 -6.06700E-03
  96  2.49029E-03 -1.02410E+00  1.11556E-04  5.89384E-03 -5.72693E-03  -1.02410E+00  1.11515E-04  5.89192E-03 -5.68034E-03
  97  2.51401E-03 -1.02411E+00  1.11813E-04  5.88983E-03 -5.45438E-03  -1.02411E+00  1.11771E-04  5.88787E-03 -5.41108E-03
  98  2.53773E-03 -1.02410E+00  1.14713E-04  5.89266E-03 -5.09470E-03  -1.02410E+00  1.14682E-04  5.89071E-03 -5.06238E-03
  99  2.56144E-03 -1.02408E+00  1.15460E-04  5.89431E-03 -4.47775E-03  -1.02408E+00  1.15424E-04  5.89234E-03 -4.45112E-03
 100  2.58516E-03 -1.02406E+00  1.15998E-04  5.89419E-03 -3.60435E-03  -1.02406E+00  1.15954E-04  5.89217E-03 -3.57026E-03
 101  2.60888E-03 -1.02411E+00  1.18077E-04  5.89787E-03 -3.45639E-03  -1.02411E+00  1.18029E-04  5.89581E-03 -3.41803E-03
 102  2.63260E-03 -1.02417E+00  1.18239E-04  5.89854E-03 -4.07832E-03  -1.02418E+00  1.18203E-04  5.89647E-03 -4.04683E-03
 103  2.65631E-03 -1.02412E+00  1.20203E-04  5.90180E-03 -4.03392E-03  -1.02412E+00  1.20166E-04  5.89971E-03 -4.01434E-03
 104  2.68003E-03 -1.02403E+00  1.19303E-04  5.89863E-03 -2.91866E-03  -1.02404E+00  1.19255E-04  5.89650E-03 -2.90167E-03
 105  2.70375E-03 -1.02403E+00  1.21395E-04  5.89924E-03 -1.82776E-03  -1.02403E+00  1.21342E-04  5.89706E-03 -1.80520E-03
 106  2.72746E-03 -1.02415E+00  1.23835E-04  5.90456E-03 -2.17389E-03  -1.02415E+00  1.23783E-04  5.90233E-03 -2.14808E-03
 107  2.75118E-03 -1.02422E+00  1.24681E-04  5.90887E-03 -3.25992E-03  -1.02422E+00  1.24648E-04  5.90666E-03 -3.23951E-03
 108  2.77490E-03 -1.02410E+00  1.22856E-04  5.90393E-03 -2.95525E-03  -1.02410E+00  1.22823E-04  5.90173E-03 -2.94284E-03
 109  2.79862E-03 -1.02399E+00  1.23431E-04  5.89797E-03 -1.49992E-03  -1.02399E+00  1.23387E-04  5.89575E-03 -1.49477E-03
 110  2.82233E-03 -1.02404E+00  1.26627E-04  5.89899E-03 -5.88961E-04  -1.02404E+00  1.26574E-04  5.89673E-03 -5.84953E-04
 111  2.84605E-03 -1.02419E+00  1.29731E-04  5.90614E-03 -1.36905E-03  -1.02419E+00  1.29678E-04  5.90384E-03 -1.36622E-03
 112  2.86977E-03 -1.02422E+00  1.29845E-04  5.90998E-03 -2.39746E-03  -1.02422E+00  1.29787E-04  5.90763E-03 -2.40150E-03
 113  2.89348E-03 -1.02408E+00  1.28124E-04  5.90563E-03 -1.90746E-03  -1.02408E+00  1.28066E-04  5.90324E-03 -1.91940E-03
 114  2.91720E-03 -1.02398E+00  1.28288E-04  5.89939E-03 -4.96296E-04  -1.02398E+00  1.28237E-04  5.89698E-03 -5.13404E-04
 115  2.94092E-03 -1.02405E+00  1.31310E-04  5.89921E-03  1.72369E-04  -1.02405E+00  1.31263E-04  5.89679E-03  1.50024E-04
 116  2.96464E-03 -1.02423E+00  1.34729E-04  5.90557E-03 -9.92139E-04  -1.02423E+00  1.34675E-04  5.90312E-03 -1.01892E-03
 117  2.98835E-03 -1.02427E+00  1.34711E-04  5.90847E-03 -2.45381E-03  -1.02427E+00  1.34651E-04  5.90599E-03 -2.48196E-03
 118  3.01207E-03 -1.02413E+00  1.34008E-04  5.90632E-03 -2.48467E-03  -1.02413E+00  1.33942E-04  5.90378E-03 -2.51161E-03
 119  3.03579E-03 -1.02403E+00  1.34188E-04  5.90238E-03 -1.63424E-03  -1.02403E+00  1.34127E-04  5.89981E-03 -1.66632E-03
 120  3.05950E-03 -1.02408E+00  1.36536E-04  5.90227E-03 -1.21928E-03  -1.02408E+00  1.36488E-04  5.89970E-03 -1.26049E-03
 121  3.08322E-03 -1.02417E+00  1.38354E-04  5.90419E-03 -1.62840E-03  -1.02417E+00  1.38295E-04  5.90159E-03 -1.67459E-03
 122  3.10694E-03 -1.02416E+00  1.38773E-04  5.90429E-03 -1.98308E-03  -1.02416E+00  1.38706E-04  5.90164E-03 -2.02612E-03
 123  3.13065E-03 -1.02413E+00  1.40045E-04  5.90481E-03 -2.01187E-03  -1.02413E+00  1.39973E-04  5.90212E-03 -2.05269E-03
 124  3.15437E-03 -1.02405E+00  1.39965E-04  5.90271E-03 -1.43411E-03  -1.02406E+00  1.39897E-04  5.89998E-03 -1.47615E-03
 125  3.17809E-03 -1.02407E+00  1.41117E-04  5.90130E-03 -1.03524E-03  -1.02407E+00  1.41063E-04  5.89857E-03 -1.08510E-03
 126  3.20181E-03 -1.02412E+00  1.43068E-04  5.90208E-03 -1.07262E-03  -1.02412E+00  1.43015E-04  5.89934E-03 -1.12822E-03
 127  3.22552E-03 -1.02413E+00  1.43086E-04  5.90052E-03 -1.16646E-03  -1.02413E+00  1.43022E-04  5.89776E-03 -1.22152E-03
 128  3.24924E-03 -1.02411E+00  1.45019E-04  5.90082E-03 -1.09697E-03  -1.02411E+00  1.44950E-04  5.89803E-03 -1.15026E-03
 129  3.27296E-03 -1.02406E+00  1.46029E-04  5.90096E-03 -6.21319E-04  -1.02406E+00  1.45942E-04  5.89810E-03 -6.77719E-04
 130  3.29667E-03 -1.02406E+00  1.46396E-04  5.89992E-03 -1.36879E-04  -1.02406E+00  1.46318E-04  5.89702E-03 -1.97945E-04
 131  3.32039E-03 -1.02407E+00  1.48425E-04  5.90099E-03  2.34808E-04  -1.02407E+00  1.48354E-04  5.89806E-03  1.70040E-04
 132  3.34411E-03 -1.02415E+00  1.47852E-04  5.89912E-03 -1.86967E-05  -1.02415E+00  1.47782E-04  5.89617E-03 -8.53426E-05
 133  3.36783E-03 -1.02418E+00  1.49464E-04  5.89830E-03 -4.99003E-04  -1.02418E+00  1.49389E-04  5.89532E-03 -5.67379E-04
 134  3.39154E-03 -1.02414E+00  1.51659E-04  5.89947E-03 -6.41697E-04  -1.02414E+00  1.51576E-04  5.89645E-03 -7.09976E-04
 135  3.41526E-03 -1.02409E+00  1.52794E-04  5.90077E-03 -4.30296E-04  -1.02409E+00  1.52719E-04  5.89772E-03 -4.96709E-04
 136  3.43898E-03 -1.02412E+00  1.52683E-04  5.90020E-03 -4.65291E-04  -1.02412E+00  1.52611E-04  5.89713E-03 -5.32054E-04
 137  3.46269E-03 -1.02419E+00  1.53645E-04  5.89966E-03 -9.71201E-04  -1.02419E+00  1.53558E-04  5.89655E-03 -1.04694E-03
 138  3.48641E-03 -1.02416E+00  1.55133E-04  5.89965E-03 -1.27640E-03  -1.02417E+00  1.55042E-04  5.89649E-03 -1.36131E-03
 139  3.51013E-03 -1.02409E+00  1.57058E-04  5.90103E-03 -1.04522E-03  -1.02409E+00  1.56975E-04  5.89784E-03 -1.12892E-03
 140  3.53385E-03 -1.02410E+00  1.59628E-04  5.90538E-03 -9.35497E-04  -1.02410E+00  1.59549E-04  5.90217E-03 -1.01559E-03
 141  3.55756E-03 -1.02420E+00  1.58579E-04  5.90627E-03 -1.45368E-03  -1.02420E+00  1.58498E-04  5.90304E-03 -1.53493E-03
 142  3.58128E-03 -1.02421E+00  1.56821E-04  5.90210E-03 -2.02937E-03  -1.02421E+00  1.56733E-04  5.89883E-03 -2.11814E-03
 143  3.60500E-03 -1.02418E+00  1.59833E-04  5.90128E-03 -2.41074E-03  -1.02418E+00  1.59746E-04  5.89799E-03 -2.50361E-03
 144  3.62871E-03 -1.02407E+00  1.62436E-04  5.90279E-03 -2.08745E-03  -1.02408E+00  1.62366E-04  5.89949E-03 -2.17970E-03
 145  3.65243E-03 -1.02412E+00  1.63478E-04  5.90480E-03 -2.03838E-03  -1.02412E+00  1.63408E-04  5.90151E-03 -2.13022E-03
 146  3.67615E-03 -1.02422E+00  1.62326E-04  5.90348E-03 -2.64002E-03  -1.02422E+00  1.62231E-04  5.90015E-03 -2.73433E-03
 147  3.69986E-03 -1.02427E+00  1.62312E-04  5.90037E-03 -3.53673E-03  -1.02428E+00  1.62202E-04  5.89699E-03 -3.63461E-03
 148  3.72358E-03 -1.02422E+00  1.67056E-04  5.90282E-03 -4.07418E-03  -1.02422E+00  1.66952E-04  5.89938E-03 -4.17683E-03
 149  3.74730E-03 -1.02407E+00  1.68517E-04  5.90545E-03 -3.67431E-03  -1.02407E+00  1.68416E-04  5.90198E-03 -3.78431E-03
 150  3.77102E-03 -1.02406E+00  1.68222E-04  5.90649E-03 -3.24829E-03  -1.02406E+00  1.68115E-04  5.90297E-03 -3.36656E-03
 151  3.79473E-03 -1.02420E+00  1.66830E-04  5.90441E-03 -3.65074E-03  -1.02420E+00  1.66722E-04  5.90084E-03 -3.77306E-03
 152  3.81845E-03 -1.02429E+00  1.67526E-04  5.90173E-03 -4.52784E-03  -1.02429E+00  1.67442E-04  5.89816E-03 -4.65066E-03
 153  3.84217E-03 -1.02426E+00  1.70090E-04  5.90101E-03 -5.24647E-03  -1.02427E+00  1.70000E-04  5.89743E-03 -5.36761E-03
 154  3.86588E-03 -1.02415E+00  1.71269E-04  5.90019E-03 -5.28607E-03  -1.02415E+00  1.71169E-04  5.89658E-03 -5.40840E-03
 155  3.88960E-03 -1.02408E+00  1.72450E-04  5.89977E-03 -4.94133E-03  -1.02408E+00  1.72343E-04  5.89613E-03 -5.07114E-03
 156  3.91332E-03 -1.02412E+00  1.74394E-04  5.90108E-03 -4.84828E-03  -1.02413E+00  1.74276E-04  5.89739E-03 -4.99215E-03
 157  3.93704E-03 -1.02420E+00  1.74104E-04  5.90065E-03 -5.18972E-03  -1.02421E+00  1.73975E-04  5.89690E-03 -5.34516E-03
 158  3.96075E-03 -1.02425E+00  1.74430E-04  5.89916E-03 -5.77128E-03  -1.02425E+00  1.74299E-04  5.89535E-03 -5.93460E-03
 159  3.98447E-03 -1.02419E+00  1.75878E-04  5.89792E-03 -6.03284E-03  -1.02420E+00  1.75772E-04  5.89408E-03 -6.19707E-03
 160  4.00819E-03 -1.02416E+00  1.76377E-04  5.89608E-03 -6.09545E-03  -1.02416E+00  1.76270E-04  5.89223E-03 -6.25895E-03
 161  4.03190E-03 -1.02417E+00  1.77288E-04  5.89434E-03 -6.22194E-03  -1.02417E+00  1.77184E-04  5.89047E-03 -6.38892E-03
 162  4.05562E-03 -1.02420E+00  1.77279E-04  5.89137E-03 -6.48525E-03  -1.02420E+00  1.77156E-04  5.88746E-03 -6.66135E-03
 163  4.07934E-03 -1.02421E+00  1.78271E-04  5.88839E-03 -6.77456E-03  -1.02421E+00  1.78144E-04  5.88444E-03 -6.95929E-03
 164  4.10306E-03 -1.02418E+00  1.80099E-04  5.88642E-03 -6.92768E-03  -1.02418E+00  1.79979E-04  5.88244E-03 -7.11672E-03
 165  4.12677E-03 -1.02419E+00  1.82287E-04  5.88611E-03 -7.11205E-03  -1.02419E+00  1.82157E-04  5.88208E-03 -7.30302E-03
 166  4.15049E-03 -1.02419E+00  1.85123E-04  5.88804E-03 -7.30034E-03  -1.02419E+00  1.84963E-04  5.88393E-03 -7.49827E-03
 167  4.17421E-03 -1.02416E+00  1.84597E-04  5.88789E-03 -7.34917E-03  -1.02417E+00  1.84450E-04  5.88372E-03 -7.55564E-03
 168  4.19792E-03 -1.02414E+00  1.81131E-04  5.88230E-03 -7.28428E-03  -1.02414E+00  1.81010E-04  5.87811E-03 -7.49555E-03
 169  4.22164E-03 -1.02422E+00  1.83183E-04  5.87850E-03 -7.56948E-03  -1.02422E+00  1.83067E-04  5.87430E-03 -7.78127E-03
 170  4.24536E-03 -1.02426E+00  1.87073E-04  5.87813E-03 -8.04488E-03  -1.02426E+00  1.86933E-04  5.87388E-03 -8.25840E-03
 171  4.26907E-03 -1.02422E+00  1.91883E-04  5.88191E-03 -8.32084E-03  -1.02422E+00  1.91718E-04  5.87759E-03 -8.53526E-03
 172  4.29279E-03 -1.02414E+00  1.90787E-04  5.88294E-03 -8.22422E-03  -1.02414E+00  1.90611E-04  5.87854E-03 -8.44198E-03
 173  4.31651E-03 -1.02416E+00  1.89467E-04  5.88162E-03 -8.22510E-03  -1.02416E+00  1.89310E-04  5.87717E-03 -8.45004E-03
 174  4.34023E-03 -1.02424E+00  1.91011E-04  5.88114E-03 -8.54850E-03  -1.02424E+00  1.90869E-04  5.87665E-03 -8.78224E-03
 175  4.36394E-03 -1.02426E+00  1.92548E-04  5.88108E-03 -8.97964E-03  -1.02427E+00  1.92414E-04  5.87657E-03 -9.21622E-03
 176  4.38766E-03 -1.02421E+00  1.94284E-04  5.88151E-03 -9.16296E-03  -1.02421E+00  1.94149E-04  5.87698E-03 -9.39523E-03
 177  4.41138E-03 -1.02423E+00  1.92464E-04  5.87908E-03 -9.41372E-03  -1.02423E+00  1.92328E-04  5.87453E-03 -9.64531E-03
 178  4.43509E-03 -1.02426E+00  1.92452E-04  5.87566E-03 -9.78603E-03  -1.02426E+00  1.92311E-04  5.87109E-03 -1.00253E-02
 179  4.45881E-03 -1.02420E+00  1.93433E-04  5.87198E-03 -9.89954E-03  -1.02420E+00  1.93272E-04  5.86736E-03 -1.01456E-02
 180  4.48253E-03 -1.02413E+00  1.98127E-04  5.87227E-03 -9.73963E-03  -1.02413E+00  1.97958E-04  5.86760E-03 -9.98542E-03
 181  4.50625E-03 -1.02420E+00  2.00472E-04  5.87443E-03 -9.86006E-03  -1.02420E+00  2.00322E-04  5.86973E-03 -1.01022E-02
 182  4.52996E-03 -1.02432E+00  1.98427E-04  5.87352E-03 -1.04315E-02  -1.02432E+00  1.98295E-04  5.86881E-03 -1.06746E-02
 183  4.55368E-03 -1.02431E+00  1.94056E-04  5.86669E-03 -1.09598E-02  -1.02431E+00  1.93922E-04  5.86197E-03 -1.12051E-02
 184  4.57740E-03 -1.02420E+00  1.95100E-04  5.85973E-03 -1.10515E-02  -1.02421E+00  1.94952E-04  5.85498E-03 -1.12951E-02
 185  4.60111E-03 -1.02418E+00  2.01666E-04  5.85885E-03 -1.10573E-02  -1.02418E+00  2.01525E-04  5.85409E-03 -1.12959E-02
 186  4.62483E-03 -1.02426E+00  2.04350E-04  5.85999E-03 -1.13364E-02  -1.02426E+00  2.04220E-04  5.85523E-03 -1.15729E-02
 187  4.64855E-03 -1.02430E+00  2.01534E-04  5.85724E-03 -1.17751E-02  -1.02430E+00  2.01388E-04  5.85246E-03 -1.20128E-02
 188  4.67227E-03 -1.02429E+00  2.01760E-04  5.85359E-03 -1.21454E-02  -1.02429E+00  2.01612E-04  5.84880E-03 -1.23836E-02
 189  4.69598E-03 -1.02425E+00  2.01977E-04  5.84922E-03 -1.23781E-02  -1.02425E+00  2.01832E-04  5.84441E-03 -1.26158E-02
 190  4.71970E-03 -1.02424E+00  2.06040E-04  5.84796E-03 -1.25679E-02  -1.02424E+00  2.05881E-04  5.84313E-03 -1.28037E-02
 191  4.74342E-03 -1.02429E+00  2.06631E-04  5.84656E-03 -1.29332E-02  -1.02430E+00  2.06461E-04  5.84170E-03 -1.31684E-02
